61	61	5
-0.219348	-0.021396	-0.051666	-0.126809	0.405146	
-0.165924	-0.073546	-0.080065	-0.142147	0.181191	
-0.120987	-0.172891	0.148732	-0.100521	0.146265	
-0.208056	-0.013466	0.113388	-0.037129	0.156169	
-0.159019	0.096069	0.183043	-0.013335	0.203174	
-0.075202	-0.013027	0.060415	-0.123035	0.263427	
-0.124318	0.006179	-0.041193	-0.189165	0.187443	
-0.104085	-0.018675	0.058256	-0.127537	0.098874	
-0.002976	0.044835	0.029137	-0.086088	0.228876	
-0.032640	-0.080685	-0.026570	-0.136243	0.221794	
-0.185797	-0.064594	-0.000467	-0.102600	0.244608	
-0.027883	-0.082087	0.017047	0.001964	0.252530	
0.024422	0.097163	0.061169	0.017109	0.310303	
0.068005	0.042303	-0.042561	-0.044404	0.179595	
0.011041	-0.101966	0.128546	0.036858	0.191863	
-0.002586	-0.062115	0.086506	-0.131820	0.129595	
-0.002144	-0.048323	0.075873	0.075928	0.233400	
0.128281	-0.001560	0.070761	-0.094508	0.073539	
0.112195	0.036939	0.129709	-0.039750	0.221790	
-0.002383	-0.025083	0.111219	-0.062880	0.171729	
0.125621	0.110535	0.023740	-0.020583	0.237278	
-0.087178	0.057854	0.066325	-0.027300	0.134179	
0.039387	0.020506	0.197317	-0.074802	0.014498	
0.222801	0.112878	0.142479	-0.076752	0.210084	
0.106910	0.064459	0.124794	0.069889	0.045424	
0.208809	0.114275	0.115301	-0.106651	0.032245	
-0.050173	0.181094	0.121106	0.114205	0.130272	
0.377649	-0.023566	-0.197574	-0.197616	0.135678	
0.164165	0.444695	-0.532705	0.475075	0.146311	
-0.564052	0.728440	-0.180013	-0.100546	-0.462132	
1.197701	-0.881801	0.349646	1.197012	-0.670712	
-0.116729	-0.116535	-0.165579	-0.259916	-0.065664	
0.061070	0.311589	0.229760	-0.431221	-0.176044	
-0.031769	-0.110887	0.022510	-0.173872	0.093799	
-0.051935	0.119718	0.190919	-0.233168	0.165169	
-0.029851	-0.101563	-0.039553	-0.387213	0.250506	
-0.116293	-0.047504	0.066287	-0.316090	0.231449	
-0.020566	0.089179	0.005591	-0.383297	0.297418	
-0.179956	0.052829	0.098188	-0.292430	0.214613	
-0.195234	-0.023223	0.056703	-0.363930	0.434815	
-0.207078	-0.136043	0.003343	-0.171090	0.282268	
-0.060732	-0.062785	0.218827	-0.327546	0.442312	
-0.098364	0.085007	0.259717	-0.274490	0.213396	
-0.144084	-0.006633	0.220391	-0.270399	0.341827	
-0.247387	-0.063481	0.135166	-0.242190	0.290119	
-0.035880	-0.112252	0.038177	-0.200416	0.401714	
-0.188710	-0.109238	0.180651	-0.318277	0.202543	
-0.205854	-0.105766	0.016757	-0.285470	0.218873	
-0.179354	-0.041694	0.144083	-0.245135	0.368859	
-0.102414	-0.121752	0.085371	-0.230125	0.246694	
-0.120658	-0.047377	0.206359	-0.180410	0.260548	
-0.185474	-0.020828	0.248284	-0.236786	0.218250	
-0.208828	-0.057312	0.199210	-0.323449	0.248412	
-0.116102	-0.070360	0.117103	-0.196896	0.317843	
-0.199855	-0.199803	0.152078	-0.167170	0.278827	
-0.130781	0.034144	0.146161	-0.299960	0.365690	
-0.339831	-0.181678	0.297291	-0.305623	0.352618	
-0.168253	-0.012449	0.180980	-0.229031	0.382460	
-0.263323	-0.054535	0.056314	-0.170725	0.314684	
-0.140895	-0.001826	0.059442	-0.147898	0.309094	
-0.244435	-0.227250	0.169387	-0.194717	0.541995	
0.081325	0.399178	-0.096438	0.096446	0.125797	
0.037177	0.032310	0.123887	-0.003799	0.170174	
-0.005687	0.345671	0.053765	-0.009910	0.267845	
0.041695	0.257207	0.103378	0.056917	0.148290	
0.133635	0.402208	-0.036614	0.031530	0.041686	
0.120006	0.195600	-0.086759	0.017850	0.112545	
0.000881	0.260541	-0.045719	-0.074422	0.122740	
0.196674	0.360496	0.065228	0.014385	-0.005448	
0.051921	0.278509	0.043012	0.056566	0.146327	
0.062663	0.420668	-0.074362	-0.025970	0.208051	
0.000013	0.261995	-0.093126	0.166640	0.055078	
0.034420	0.296331	-0.090516	-0.013290	0.009848	
0.138580	0.182670	0.072756	-0.164197	0.102732	
-0.008983	0.336064	-0.098060	0.009608	0.004806	
0.098752	0.274697	0.149658	-0.068624	0.307607	
0.006161	0.225452	-0.037087	-0.091556	0.029505	
0.126891	0.194997	0.166873	-0.064558	0.096010	
-0.017720	0.282327	0.012089	-0.040857	0.028271	
0.041240	0.088976	0.053231	-0.084904	0.161916	
0.046921	0.233303	0.193279	-0.041670	0.005220	
0.169032	0.225869	0.131212	0.061299	0.049727	
0.064159	0.216197	0.146046	-0.047417	0.073456	
0.133757	0.202600	0.035414	-0.209990	0.161119	
0.133915	0.129255	-0.048672	-0.027204	0.040630	
-0.017673	0.111075	-0.068683	-0.068680	0.051950	
-0.121137	0.044200	-0.039926	-0.161494	-0.059067	
-0.228286	0.047050	0.004995	-0.159573	-0.145707	
-0.202286	0.048291	-0.188483	-0.132563	-0.188852	
0.186893	-0.277922	0.323628	0.183740	-0.336903	
0.629056	-0.623396	0.170685	-0.939113	0.193250	
-0.854461	-0.894814	0.405772	0.864576	-0.281193	
0.060513	-0.025490	-0.411321	0.369625	0.034548	
0.058794	0.200428	-0.272362	-0.264764	0.244314	
0.026472	0.243738	-0.129769	-0.175524	0.044118	
-0.142505	0.277060	-0.225609	-0.120734	0.115891	
-0.035417	0.202290	-0.365579	-0.234680	-0.033297	
-0.020979	0.333858	-0.199421	-0.122592	-0.059196	
-0.161263	0.403814	-0.182966	-0.104288	0.072015	
-0.059509	0.340383	-0.107450	-0.134035	0.131314	
0.076466	0.360774	-0.251506	-0.086961	0.070033	
0.143959	0.329342	-0.280183	-0.090889	0.064267	
0.087468	0.293073	-0.090863	-0.085609	0.080628	
0.208046	0.343374	-0.074769	0.053550	0.106440	
0.026228	0.443110	-0.158467	0.067450	0.000225	
0.045552	0.354346	-0.122078	-0.083395	0.169797	
-0.095154	0.420517	-0.212844	-0.010432	0.133004	
-0.034157	0.396578	-0.173901	0.017574	0.122366	
0.022187	0.416400	-0.067267	-0.157573	0.111445	
0.030053	0.442407	0.005090	-0.027614	0.241525	
0.209548	0.453414	-0.188522	0.078141	-0.010683	
0.101880	0.400511	-0.072179	-0.038104	0.043078	
0.128491	0.240660	-0.092112	0.009755	0.165318	
-0.064400	0.501486	-0.007458	-0.059960	0.097541	
0.097016	0.481387	-0.098932	0.089587	0.130690	
0.034639	0.538725	-0.180408	0.029727	0.035594	
0.018206	0.511091	-0.001066	0.029478	0.167143	
0.038778	0.504117	-0.106860	0.009788	0.055921	
0.249330	0.426382	0.022140	-0.104892	0.054339	
0.000354	0.467097	-0.023097	-0.151177	0.091161	
0.061494	0.380860	-0.064550	-0.154175	0.188000	
0.241534	0.592810	-0.043863	-0.003424	0.034311	
